1
9
16
20
33
40
53
66
80
101
128
153
177
193
208
233
254
269
281
292
295
302
306
313
318
326
328
331
333
333
333
334
334
335
335
335
336
337
337
337
337
337
338
338
338
339
342
342
342
342
344
344
346
350
353
355
358
361
363
371
380
394
404
413
433
451
468
485
492
498
509
516
522
526
529
531
536
538
543
552
555
555
607
618
618
622
628
628
628
635
638
638
639
640
641
641
642
642
644
645
647
652
652
653
655
656
656
657
657
657
659
659
659
660
660
660
665
665
666
666
666
667
667
667
668
668
669
670
671
671
672
672
672
673
673
673
677
677
677
678
678
678
684
689
690
691
692
695
695
697
697
698
698
701
701
703
703
705
706
707
708
712
712
713
714
