1
2
5
11
13
16
18
20
23
27
34
35
42
46
50
52
54
58
58
60
61
65
68
70
72
73
75
75
75
75
75
75
75
75
75
75
75
75
75
75
75
75
75
75
75
75
75
75
75
75
75
75
75
75
75
75
75
75
75
75
75
77
89
92
94
95
97
107
111
117
117
117
117
118
121
124
126
128
155
155
190
190
190
193
193
193
193
194
194
194
194
194
194
198
198
199
199
200
201
201
201
201
201
201
201
201
201
201
208
209
209
209
209
209
209
213
216
217
217
217
217
217
227
232
232
232
232
232
232
235
235
235
235
235
235
235
235
235
237
237
237
237
237
237
238
238
238
238
238
238
238
238
238
238
238
238
238
238
238
238
238
238
