5
10
14
26
36
51
68
80
102
114
132
156
183
212
228
253
274
297
315
326
337
342
352
366
372
375
380
381
387
393
395
396
399
399
399
400
400
410
410
410
413
414
414
417
418
422
426
428
428
429
435
435
436
437
442
446
455
458
479
485
499
512
522
554
559
565
569
572
576
577
580
580
582
583
585
586
587
587
588
588
588
589
589
589
589
590
593
593
593
593
593
593
593
593
593
593
593
593
593
593
593
593
593
593
593
593
593
593
593
593
593
593
593
593
593
593
593
593
593
593
593
593
593
593
593
593
593
593
593
593
593
593
593
593
594
594
594
594
594
594
594
594
594
595
601
637
673
700
731
752
777
799
821
830
843
850
863
874
891
905
912
919
922
923
925
