7
15
28
44
69
90
108
142
177
207
231
254
282
301
321
344
363
386
405
417
436
451
463
470
481
495
508
514
520
525
526
526
527
529
531
534
538
538
538
538
538
538
539
539
539
539
539
539
539
539
539
539
539
539
539
540
540
541
542
543
543
545
547
547
548
548
550
550
550
552
554
555
557
558
559
560
560
560
560
560
560
560
560
560
560
560
561
561
561
561
561
561
561
561
561
561
561
561
561
561
561
561
561
561
561
561
561
561
561
561
561
561
561
561
561
561
561
561
561
561
563
563
563
564
564
564
564
564
564
564
575
577
577
577
578
578
578
581
582
582
582
582
583
583
587
588
589
589
589
589
589
589
589
589
589
589
589
589
592
595
595
595
595
