2
4
5
8
10
14
23
24
27
31
32
41
48
60
67
78
79
81
88
91
95
106
112
119
120
122
124
125
128
130
131
133
135
135
135
135
135
136
136
136
136
136
136
136
136
136
136
136
136
136
136
136
136
136
136
136
136
136
137
137
137
137
141
145
147
152
156
163
166
174
174
176
177
180
180
180
180
180
181
182
183
183
184
184
185
185
186
189
189
189
189
189
189
189
190
190
190
190
190
190
190
190
190
190
190
190
190
190
191
191
191
191
191
191
191
191
192
192
192
192
192
192
192
192
192
192
192
192
192
192
192
192
192
192
192
192
192
193
193
193
194
195
195
196
196
196
196
196
197
197
197
197
197
198
198
198
198
198
198
198
198
198
198
198
