9
21
39
63
87
121
145
178
202
225
246
270
298
343
379
407
435
459
486
497
506
519
530
537
541
543
544
546
748
750
754
755
755
756
756
756
756
756
758
758
758
758
758
758
758
758
758
759
760
760
760
760
760
761
761
761
762
764
765
767
768
769
769
771
772
772
773
774
774
775
778
778
779
780
781
783
783
783
784
784
784
784
784
784
787
787
787
787
787
787
787
787
787
787
787
787
787
787
787
787
787
788
788
788
788
788
788
788
788
788
788
788
788
788
788
788
788
788
788
788
788
788
788
788
788
788
788
790
792
792
792
792
792
792
792
792
792
792
792
792
792
792
792
792
792
792
792
792
792
792
792
792
792
792
792
792
792
792
792
792
792
792
