1
1
6
9
13
20
27
35
39
47
56
66
74
81
90
96
104
115
119
122
124
126
126
127
128
129
130
131
131
132
132
132
132
133
133
133
133
133
133
133
133
133
133
133
133
133
133
133
133
133
133
133
133
133
133
133
133
133
133
133
133
134
134
135
135
135
136
136
136
137
137
137
137
138
138
138
163
166
168
172
172
173
173
186
194
197
197
197
197
197
197
197
197
197
197
197
197
197
197
197
197
198
198
198
198
198
198
198
198
198
198
198
198
198
198
198
198
198
198
198
198
198
198
198
198
198
198
198
198
198
198
198
198
198
198
198
198
198
198
198
198
198
198
198
198
198
198
198
198
198
198
198
198
198
198
198
198
198
198
198
198
198
198
