1
17
26
32
53
78
111
146
188
241
311
393
520
604
683
797
870
944
1018
1075
1120
1151
1177
1219
1241
1261
1294
1316
1322
1328
1331
1332
1333
1339
1342
1345
1347
1347
1347
1348
1349
1349
1350
1350
1350
1350
1351
1352
1352
1352
1353
1353
1356
1356
1356
1357
1361
1364
1369
1378
1392
1399
1407
1413
1428
1433
1444
1456
1467
1475
1484
1490
1501
1507
1514
1516
1524
1532
1533
1536
1539
1544
1548
1552
1555
1564
1566
1571
1577
1579
1580
1581
1582
1582
1584
1585
1585
1586
1587
1587
1588
1588
1588
1588
1588
1588
1588
1588
1589
1589
1589
1589
1589
1589
1589
1589
1589
1589
1590
1590
1590
1590
1591
1591
1591
1592
1592
1592
1592
1592
1592
1593
1593
1595
1596
1597
1598
1598
1601
1602
1602
1604
1604
1607
1607
1608
1625
1625
1628
1628
1628
1631
1634
1634
1634
1634
1634
1635
1635
1637
1637
1637
1641
1641
1642
1642
