1
9
18
31
47
70
99
129
168
202
236
271
308
341
373
408
439
468
492
515
543
570
593
604
617
626
629
631
631
631
631
631
631
631
631
631
631
631
631
631
631
631
631
631
631
631
631
631
631
631
631
631
631
631
631
631
631
631
631
633
633
636
638
640
641
641
644
645
646
646
647
651
651
651
651
651
651
651
651
652
653
653
653
653
653
653
653
653
653
653
653
653
653
653
653
653
653
653
653
653
653
653
653
653
653
653
653
653
653
653
653
653
653
653
653
653
653
653
653
653
653
653
653
653
653
653
653
653
653
653
653
653
653
653
653
653
653
653
653
653
653
653
653
653
653
653
653
653
653
653
653
653
654
654
654
654
654
654
654
654
654
654
654
