1
4
9
32
83
128
168
206
278
352
422
493
566
675
764
851
914
981
1033
1073
1105
1135
1169
1184
1212
1231
1246
1257
1262
1265
1267
1270
1271
1271
1271
1271
1272
1272
1272
1272
1272
1272
1272
1272
1272
1272
1272
1272
1272
1272
1273
1273
1273
1273
1273
1273
1273
1273
1273
1273
1273
1274
1274
1274
1275
1275
1275
1276
1276
1276
1276
1276
1276
1276
1276
1276
1276
1276
1276
1276
1276
1276
1276
1276
1276
1276
1276
1276
1276
1276
1276
1276
1276
1276
1276
1276
1276
1276
1276
1276
1276
1276
1276
1276
1276
1276
1276
1276
1276
1276
1276
1276
1276
1276
1276
1276
1276
1276
1276
1276
1276
1276
1276
1276
1276
1276
1276
1276
1276
1276
1276
1276
1276
1276
1276
1276
1276
1276
1276
1276
1276
1276
1276
1276
1276
1276
1276
1276
1276
1276
1276
1276
1276
1276
1276
1276
1276
1276
1276
1276
1276
1276
1276
1276
