1
2
8
13
18
33
48
65
82
96
104
113
126
135
157
171
195
206
218
239
251
265
283
291
300
301
302
306
307
308
309
311
311
311
312
317
318
318
318
318
318
318
318
318
318
318
318
318
318
318
318
318
318
318
318
318
318
318
318
319
319
319
319
319
319
319
319
321
321
323
325
326
326
327
327
327
327
327
327
327
327
327
327
327
328
328
328
328
328
328
328
328
328
328
328
328
328
328
328
328
328
328
328
328
328
328
328
328
328
328
328
328
328
328
328
328
328
328
328
328
328
328
328
328
328
328
328
328
328
328
328
328
328
328
328
328
328
328
328
328
328
328
328
328
331
335
336
338
340
341
344
346
346
348
349
349
349
349
349
349
349
349
349
