5
10
43
62
104
128
173
296
428
537
599
661
724
829
895
954
1006
1048
1075
1092
1117
1131
1145
1155
1162
1167
1171
1172
1173
1175
1203
1205
1205
1205
1205
1205
1205
1205
1205
1205
1206
1213
1213
1215
1215
1215
1215
1215
1215
1215
1215
1215
1227
1231
1231
1232
1232
1233
1234
1236
1237
1238
1240
1241
1243
1247
1251
1254
1255
1257
1257
1258
1260
1262
1263
1264
1265
1266
1267
1267
1267
1267
1267
1267
1268
1268
1268
1268
1268
1268
1268
1268
1268
1268
1268
1268
1268
1268
1268
1268
1268
1268
1268
1268
1268
1268
1268
1268
1268
1268
1268
1268
1268
1268
1268
1268
1268
1268
1268
1268
1268
1268
1268
1268
1268
1268
1268
1268
1268
1268
1268
1268
1268
1268
1268
1268
1268
1268
1268
1268
1268
1268
1268
1268
1268
1268
1268
1269
1269
1269
1269
1269
1269
1269
1269
1269
1269
1269
1269
1269
1269
1269
1269
1269
