4
8
17
19
22
33
43
46
49
57
63
70
79
89
100
111
122
128
136
142
145
157
157
162
162
162
163
163
168
168
168
168
168
168
168
168
168
168
168
168
168
168
168
168
168
168
168
168
168
168
168
168
168
168
168
168
168
168
168
168
168
168
168
168
168
168
168
168
168
168
168
168
168
168
168
168
168
168
168
168
168
168
168
168
168
168
168
168
168
168
168
168
168
168
168
168
168
168
168
168
168
168
168
168
168
168
168
168
168
168
168
168
168
168
169
169
169
169
169
169
169
169
169
169
169
169
169
169
169
169
169
169
169
169
169
169
170
170
170
169
169
169
171
171
171
171
171
171
171
171
171
171
171
171
171
171
171
171
171
171
171
171
171
