270
375
444
549
729
1052
1423
2714
3554
4586
5806
7153
9074
11177
13522
16678
19665
22112
24953
27100
29631
31728
33366
48206
51986
54406
56249
58182
59989
61682
62031
62662
63454
64084
64287
64786
65187
65596
65914
66337
66907
67103
67217
67332
67466
67592
67666
67707
67743
67760
67773
67781
67786
67790
67794
67798
67799
67800
67800
67800
67800
67800
67800
67801
67801
67801
67801
67801
67801
67801
67801
67802
67802
67802
67803
67803
67803
67803
67803
67803
67803
67803
67803
67803
67803
67803
67803
68128
68128
68128
68128
68128
68128
68128
68128
68128
68128
68128
68128
68128
68128
68128
68128
68128
68128
68128
68128
68128
68128
68128
68129
68134
68134
68134
68134
68134
68134
68134
68134
68135
68135
68135
68135
68135
68135
68135
68135
68135
68135
68135
68135
68135
68135
68135
68135
68135
68135
68135
68135
68135
68135
68135
68135
68135
68135
68135
68135
68135
68135
68135
68135
68135
68135
68135
68135
68135
68135
68135
68135
68135
68135
68135
68135
68135
68135
