2
4
7
14
19
24
26
29
35
40
51
55
57
62
67
71
79
83
86
86
87
90
90
90
90
91
91
91
91
91
91
91
91
91
91
91
91
91
91
91
91
91
102
119
120
124
124
125
127
127
129
132
133
133
133
133
134
134
134
136
136
136
136
136
136
136
137
138
138
138
138
138
138
139
139
139
139
139
139
139
139
139
139
139
139
139
139
139
139
139
139
139
139
139
139
139
139
139
139
139
139
139
139
139
139
139
139
139
139
139
139
139
139
139
139
139
139
139
139
139
139
139
139
139
139
139
139
139
139
139
139
139
139
139
139
139
139
139
139
139
139
139
139
139
139
149
150
151
151
151
151
158
158
161
161
162
163
163
164
164
164
164
