1
3
18
29
56
59
82
101
120
144
159
179
194
205
215
224
239
250
261
267
272
279
281
285
287
290
292
293
293
293
293
293
293
294
294
296
296
296
296
296
296
296
296
296
296
296
296
296
296
296
296
296
296
296
296
296
296
299
303
307
313
318
322
328
331
337
338
340
343
345
345
349
350
350
350
351
351
351
351
351
352
352
353
353
353
354
355
355
355
355
355
355
355
355
355
355
355
355
355
356
356
356
356
356
356
356
356
356
356
356
356
356
356
356
356
356
356
356
356
356
356
356
356
356
357
357
358
358
358
358
358
358
358
358
358
358
359
359
359
359
360
361
361
361
362
362
362
362
362
362
363
363
363
363
363
363
363
363
363
363
363
363
363
