2
3
12
19
22
27
36
39
45
60
64
70
77
81
89
94
99
106
108
108
111
116
117
119
120
121
121
121
121
121
121
121
121
121
121
121
121
121
122
122
125
125
125
125
125
125
125
125
125
125
125
125
125
125
125
125
125
126
126
126
127
127
127
127
128
131
134
136
139
140
140
141
141
142
142
144
144
144
144
145
145
145
145
145
145
146
146
146
146
146
146
146
146
146
146
146
146
146
146
146
146
146
146
146
146
146
146
146
146
147
147
147
149
149
149
149
149
149
149
149
149
149
149
149
149
149
149
149
149
149
149
149
149
149
149
149
149
149
149
149
149
149
149
151
151
152
152
152
153
153
153
154
154
154
154
154
154
154
155
155
155
155
156
