5
9
27
57
75
110
132
147
165
206
238
262
300
337
366
389
411
426
446
468
486
505
518
529
537
544
551
553
555
560
567
572
573
575
576
576
576
576
576
576
576
576
576
576
576
576
576
576
576
576
576
576
576
576
576
576
576
576
576
576
576
577
578
578
578
578
578
579
579
579
579
579
579
579
579
579
579
579
579
579
579
579
579
579
579
579
579
579
579
579
579
579
579
579
579
579
579
579
579
579
579
579
579
579
579
579
579
579
579
579
579
579
579
579
579
579
579
579
579
579
579
579
579
579
579
579
579
579
579
579
579
579
579
579
579
579
579
579
579
579
579
579
579
579
580
582
582
582
582
582
582
582
582
582
582
582
582
582
582
582
582
582
582
582
