3
5
22
35
46
56
63
87
101
116
128
142
165
173
184
195
208
213
219
225
225
229
230
232
236
240
240
242
245
245
245
245
245
245
245
245
245
245
245
245
245
245
245
245
245
245
245
245
245
245
245
245
245
246
246
246
247
248
248
248
249
250
253
253
253
253
253
253
255
255
255
256
256
256
256
256
256
256
256
256
256
256
256
256
256
256
256
256
256
277
279
279
286
286
286
286
306
306
306
306
306
306
306
308
308
308
308
308
308
308
308
308
308
308
308
308
308
308
308
308
308
308
308
308
308
308
308
308
308
308
309
309
309
309
309
311
311
311
311
311
311
311
311
313
313
313
314
314
314
314
317
317
318
319
319
319
320
320
320
320
320
320
