1
2
5
5
8
8
8
10
12
13
14
15
15
18
21
24
26
26
36
42
49
50
53
56
56
57
60
62
65
68
68
69
74
81
85
91
93
94
95
98
100
100
105
105
107
109
114
115
120
129
131
137
141
149
157
167
192
208
256
273
317
356
386
410
453
518
582
641
682
714
765
802
845
862
890
914
935
960
973
989
1000
1004
1009
1012
1016
1017
1021
1023
1025
1025
1029
1033
1035
1035
1037
1037
1037
1037
1037
1037
1039
1039
1039
1040
1040
1040
1044
1044
1044
1047
1047
1047
1050
1051
1052
1052
1055
1055
1055
1055
1063
1065
1065
1065
1065
1065
1066
1066
1079
1082
1084
1087
1093
1093
1099
1102
1105
1106
1107
1107
1107
1107
1108
1109
1109
1112
1112
1120
1124
1127
1128
1131
1161
1177
1179
1193
1196
1197
1199
1203
1205
1233
1242
