4
9
15
21
30
37
43
59
80
95
118
155
190
227
277
295
307
331
360
378
395
418
425
445
457
464
470
476
479
479
480
480
480
480
480
480
480
480
480
480
480
481
481
481
481
481
481
482
482
482
482
482
482
482
482
483
484
484
484
484
484
484
484
484
484
484
484
484
484
488
489
491
504
524
544
569
609
638
661
684
740
819
841
861
872
892
898
905
913
921
925
928
930
935
936
939
939
939
944
944
944
944
944
944
944
944
944
944
945
945
945
945
945
945
945
945
945
945
945
945
945
945
945
945
945
945
945
945
945
945
945
947
947
947
947
947
947
947
947
947
947
947
947
947
947
947
947
947
947
947
947
947
947
947
947
947
947
947
947
947
947
947
